0.10000000000000001 1
0.20000000000000001 1
0.30000000000000004 1
0.40000000000000002 1
0.5 1
0.59999999999999998 1
0.69999999999999996 1
0.79999999999999993 1
0.89999999999999991 1
0.99999999999999989 1
1.0999999999999999 1
1.2 3
1.3 6
1.4000000000000001 12
1.5000000000000002 18
1.6000000000000003 9
1.7000000000000004 6
1.8000000000000005 4.5
1.9000000000000006 6.3074
2.0000000000000004 8.08591
2.1000000000000005 8.35577
2.2000000000000006 8.35577
2.3000000000000007 8.35577
2.4000000000000008 8.35577
2.5000000000000009 8.35577
2.600000000000001 8.35577
2.7000000000000011 8.35577
2.8000000000000012 8.35577
2.9000000000000012 8.35577
3.0000000000000013 8.35577
3.1000000000000014 8.35577
3.2000000000000015 8.35577
3.3000000000000016 8.35577
3.4000000000000017 8.35577
3.5000000000000018 8.35577
3.6000000000000019 8.35577
3.700000000000002 8.35577
3.800000000000002 8.35577
3.9000000000000021 8.35577
4.0000000000000018 8.35577
4.1000000000000014 8.35577
4.2000000000000011 8.35577
4.3000000000000007 8.35577
4.4000000000000004 8.35577
4.5 8.35577
4.5999999999999996 8.35577
4.6999999999999993 8.35577
4.7999999999999989 8.35577
4.8999999999999986 8.35577
4.9999999999999982 8.35577
