0.10000000000000001 1
0.20000000000000001 1
0.30000000000000004 1
0.40000000000000002 1
0.5 1
0.59999999999999998 1
0.69999999999999996 1
0.79999999999999993 1
0.89999999999999991 1
0.99999999999999989 1
1.0999999999999999 3
1.2 9
1.3 20.05
1.4000000000000001 2
1.5000000000000002 4
1.6000000000000003 8
1.7000000000000004 10.6802
1.8000000000000005 1
1.9000000000000006 4
2.0000000000000004 6.42297
2.1000000000000005 7.83937
2.2000000000000006 9.25326
2.3000000000000007 10.476
2.4000000000000008 11.5692
2.5000000000000009 1
2.600000000000001 4
2.7000000000000011 5.75704
2.8000000000000012 7.44335
2.9000000000000012 8.9211
3.0000000000000013 10.1843
3.1000000000000014 11.3059
3.2000000000000015 1
3.3000000000000016 2
3.4000000000000017 5.57776
3.5000000000000018 6.87924
3.6000000000000019 8.45768
3.700000000000002 9.78154
3.800000000000002 10.9449
3.9000000000000021 11.9112
4.0000000000000018 2
4.1000000000000014 4
4.2000000000000011 6.42297
4.3000000000000007 7.96694
4.4000000000000004 9.36133
4.5 10.5715
4.5999999999999996 11.6557
4.6999999999999993 1
4.7999999999999989 4
4.8999999999999986 5.93074
4.9999999999999982 7.5777
