0.10000000000000001 1
0.20000000000000001 1
0.30000000000000004 1
0.40000000000000002 1
0.5 1
0.59999999999999998 1
0.69999999999999996 1
0.79999999999999993 1
0.89999999999999991 1
0.99999999999999989 1
1.0999999999999999 3
1.2 9
1.3 20.05
1.4000000000000001 10.1
1.5000000000000002 10.1
1.6000000000000003 1
1.7000000000000004 3
1.8000000000000005 5
1.9000000000000006 6.26331
2.0000000000000004 7.83937
2.1000000000000005 9.25326
2.2000000000000006 10.476
2.3000000000000007 11.5692
2.4000000000000008 5.95559
2.5000000000000009 7.04551
2.600000000000001 8.47499
2.7000000000000011 9.7965
2.8000000000000012 11.0495
2.9000000000000012 11.9234
3.0000000000000013 6.12946
3.1000000000000014 7.73339
3.2000000000000015 9.16385
3.3000000000000016 10.3973
3.4000000000000017 11.498
3.5000000000000018 5.96324
3.6000000000000019 6.90717
3.700000000000002 8.36072
3.800000000000002 9.69799
3.9000000000000021 10.8704
4.0000000000000018 11.9272
4.1000000000000014 5.96361
4.2000000000000011 7.60331
4.3000000000000007 9.05463
4.4000000000000004 10.3013
4.5 11.4113
4.5999999999999996 5.96371
4.6999999999999993 6.60831
4.7999999999999989 8.23969
4.8999999999999986 9.59404
4.9999999999999982 10.7779
