0.10000000000000001 2
0.20000000000000001 2
0.30000000000000004 2
0.40000000000000002 2
0.5 2
0.59999999999999998 2
0.69999999999999996 2
0.79999999999999993 2
0.89999999999999991 2
0.99999999999999989 2
1.0999999999999999 5
1.2 15
1.3 20.05
1.4000000000000001 20.05
1.5000000000000002 20.05
1.6000000000000003 2
1.7000000000000004 4
1.8000000000000005 8
1.9000000000000006 10.5857
2.0000000000000004 10.9586
2.1000000000000005 10.9586
2.2000000000000006 10.9586
2.3000000000000007 2
2.4000000000000008 5.93074
2.5000000000000009 7.30649
2.600000000000001 8.80756
2.7000000000000011 10.0851
2.8000000000000012 11.2168
2.9000000000000012 11.9112
3.0000000000000013 11.9112
3.1000000000000014 11.9112
3.2000000000000015 2
3.3000000000000016 5
3.4000000000000017 6.73066
3.5000000000000018 8.21603
3.6000000000000019 9.57377
3.700000000000002 10.7599
3.800000000000002 11.8266
3.9000000000000021 11.9112
4.0000000000000018 11.9112
4.1000000000000014 1
4.2000000000000011 3
4.3000000000000007 6.09935
4.4000000000000004 7.5777
4.5 9.03319
4.5999999999999996 10.2825
4.6999999999999993 11.3944
4.7999999999999989 11.9112
4.8999999999999986 11.9112
4.9999999999999982 11.9112
