0.10000000000000001 1
0.20000000000000001 1
0.30000000000000004 1
0.40000000000000002 1
0.5 1
0.59999999999999998 1
0.69999999999999996 1
0.79999999999999993 1
0.89999999999999991 1
0.99999999999999989 1
1.0999999999999999 2
1.2 5
1.3 16
1.4000000000000001 20.5433
1.5000000000000002 21.6813
1.6000000000000003 22.7625
1.7000000000000004 23.7944
1.8000000000000005 24.7834
1.9000000000000006 25.7343
2.0000000000000004 26.6512
2.1000000000000005 27.5376
2.2000000000000006 28.3963
2.3000000000000007 29.2298
2.4000000000000008 30.0401
2.5000000000000009 30.8291
2.600000000000001 31.5984
2.7000000000000011 32.3494
2.8000000000000012 33.0833
2.9000000000000012 33.8013
3.0000000000000013 34.5043
3.1000000000000014 35.1933
3.2000000000000015 35.869
3.3000000000000016 36.5322
3.4000000000000017 37.1836
3.5000000000000018 37.8238
3.6000000000000019 38.4533
3.700000000000002 39.0726
3.800000000000002 39.6823
3.9000000000000021 40.3076
4.0000000000000018 40.8988
4.1000000000000014 41.4817
4.2000000000000011 42.0564
4.3000000000000007 42.6234
4.4000000000000004 43.183
4.5 43.7354
4.5999999999999996 44.2809
4.6999999999999993 44.8197
4.7999999999999989 45.3522
4.8999999999999986 45.8784
4.9999999999999982 46.3987
5.0999999999999979 46.9133
5.1999999999999975 47.4222
5.2999999999999972 47.9257
5.3999999999999968 48.424
5.4999999999999964 48.9172
5.5999999999999961 49.4055
5.6999999999999957 49.889
5.7999999999999954 50.3679
5.899999999999995 50.8422
5.9999999999999947 51.3122
6.0999999999999943 51.7779
6.199999999999994 52.2395
6.2999999999999936 52.697
6.3999999999999932 53.1505
6.4999999999999929 53.6189
6.5999999999999925 54.0647
6.6999999999999922 54.5069
6.7999999999999918 54.9455
6.8999999999999915 55.3807
6.9999999999999911 55.8124
7.0999999999999908 56.2409
7.1999999999999904 56.6661
7.2999999999999901 57.0881
7.3999999999999897 57.507
7.4999999999999893 57.9229
7.599999999999989 58.3358
7.6999999999999886 58.7459
7.7999999999999883 59.1531
7.8999999999999879 59.5575
7.9999999999999876 59.9591
8.0999999999999872 60.3581
8.1999999999999869 60.7545
8.2999999999999865 61.1483
8.3999999999999861 61.5396
8.4999999999999858 61.9284
8.5999999999999854 62.3148
8.6999999999999851 62.6988
8.7999999999999847 63.0805
8.8999999999999844 63.4599
8.999999999999984 63.837
9.0999999999999837 64.2275
9.1999999999999833 64.6001
9.2999999999999829 64.9706
9.3999999999999826 65.339
9.4999999999999822 65.7053
9.5999999999999819 66.0696
9.6999999999999815 66.4319
9.7999999999999812 66.7923
9.8999999999999808 67.1507
9.9999999999999805 67.5072
