0.10000000000000001 1
0.20000000000000001 1
0.30000000000000004 1
0.40000000000000002 1
0.5 1
0.59999999999999998 1
0.69999999999999996 1
0.79999999999999993 1
0.89999999999999991 1
0.99999999999999989 1
1.0999999999999999 1
1.2 1
1.3 2
1.4000000000000001 5
1.5000000000000002 16
1.6000000000000003 20.5433
1.7000000000000004 21.6351
1.8000000000000005 22.7184
1.9000000000000006 23.7523
2.0000000000000004 24.7429
2.1000000000000005 25.7343
2.2000000000000006 26.6512
2.3000000000000007 27.5376
2.4000000000000008 28.3963
2.5000000000000009 29.2298
2.600000000000001 30.0401
2.7000000000000011 30.8291
2.8000000000000012 31.5984
2.9000000000000012 32.3494
3.0000000000000013 33.0833
3.1000000000000014 33.8013
3.2000000000000015 34.5043
3.3000000000000016 35.1933
3.4000000000000017 35.869
3.5000000000000018 36.5322
3.6000000000000019 37.1836
3.700000000000002 37.8238
3.800000000000002 38.4533
3.9000000000000021 39.0726
4.0000000000000018 39.6823
4.1000000000000014 40.2828
4.2000000000000011 40.8744
4.3000000000000007 41.4576
4.4000000000000004 42.0326
4.5 42.6
4.5999999999999996 43.1598
4.6999999999999993 43.7354
4.7999999999999989 44.2809
4.8999999999999986 44.8197
4.9999999999999982 45.3522
5.0999999999999979 45.8784
5.1999999999999975 46.3987
5.2999999999999972 46.9133
5.3999999999999968 47.4222
5.4999999999999964 47.9257
5.5999999999999961 48.424
5.6999999999999957 48.9172
5.7999999999999954 49.4055
5.899999999999995 49.889
5.9999999999999947 50.3679
6.0999999999999943 50.8422
6.199999999999994 51.3122
6.2999999999999936 51.7779
6.3999999999999932 52.2395
6.4999999999999929 52.697
6.5999999999999925 53.1505
6.6999999999999922 53.6002
6.7999999999999918 54.0462
6.8999999999999915 54.4886
6.9999999999999911 54.9273
7.0999999999999908 55.3626
7.1999999999999904 55.7945
7.2999999999999901 56.2409
7.3999999999999897 56.6661
7.4999999999999893 57.0881
7.599999999999989 57.507
7.6999999999999886 57.9229
7.7999999999999883 58.3358
7.8999999999999879 58.7459
7.9999999999999876 59.1531
8.0999999999999872 59.5575
8.1999999999999869 59.9591
8.2999999999999865 60.3581
8.3999999999999861 60.7545
8.4999999999999858 61.1483
8.5999999999999854 61.5396
8.6999999999999851 61.9284
8.7999999999999847 62.3148
8.8999999999999844 62.6988
8.999999999999984 63.0805
9.0999999999999837 63.4599
9.1999999999999833 63.837
9.2999999999999829 64.2119
9.3999999999999826 64.5846
9.4999999999999822 64.9552
9.5999999999999819 65.3237
9.6999999999999815 65.6901
9.7999999999999812 66.0545
9.8999999999999808 66.4319
9.9999999999999805 66.7923
